10 0000000
58 0000001000
75 0000001001
48 000000101
73 00000011
-128 000001
56 0000100000
57 0000100001
50 000010001
45 00001001
67 0000101
41 0000110000
54 0000110001
83 000011001
-1 0000110100
40 0000110101
76 00001101100
82 00001101101
120 0000110111
66 00001110
107 00001111
98 000100
65 0001010
46 0001011
117 00011
108 00100
100 00101
104 00110
112 001110
74 0011110000
77 0011110001
49 001111001
51 0011110100
70 0011110101
-100 001111011
118 0011111
115 0100
116 0101
97 0110
114 0111
111 1000
103 100100
102 100101
99 10011
32 101
119 1100000
78 1100001000
87 1100001001
85 11000010100
90 11000010101
113 11000010110
-108 11000010111
-103 11000011
44 1100010
121 1100011
109 110010
-99 110011000
122 1100110010
88 11001100110
106 11001100111
80 110011010
84 110011011
-30 1100111
110 1101
105 1110
101 1111
