1 17 7
2 52 79
3 51 53
4 10 1
5 84 53
6 15 7
7 63 48 
8 54 42
9 44 41
10 70 4
11 64 53
12 52 3
13 4 2
14 43 12
15 40 81
16 5 11
17 22 5
18 61 99
19 5 12
20 30 81
21 4 33
22 69 82
23 94 17
24 82 95
25 65 100
26 7 5
27 18 91
28 8 15
29 70 55
30 99 90
31 34 46
32 35 62
33 43 21
34 39 30
35 69 30
36 21 48
37 52 93
38 49 75
39 70 53
40 3 79
41 41 34
42 26 49
43 2 72
44 34 19
45 48 51
46 12 56
47 74 38
48 44 15
49 22 14
50 10 26
51 58 10
52 9 85
53 13 43
54 43 24
55 39 65
56 92 15
57 37 21
58 82 26
59 67 25
60 53 65
61 79 51
62 63 72
63 61 48
64 55 80
65 78 5
66 89 88
67 46 61
68 18 85
69 94 10
70 68 91
71 34 36
72 87 54
73 98 74
74 24 73
75 72 60
76 32 79
77 71 82
78 7 52
79 98 53
80 88 99
81 19 55
82 30 76
83 12 58
84 73 85
85 3 66
86 4 1
87 65 94
88 50 1
89 78 25
90 1 23
91 44 64
92 87 19
93 39 19
94 18 73
95 92 36
96 21 93
97 94 23
98 56 82
99 16 77
100 58 0
101 33 64
102 12 99
103 33 53
104 61 52
105 25 58
106 90 77
107 7 96
108 68 51
109 14 1
110 8 21
111 10 23
112 10 25
113 37 27
114 43 100
115 94 32
116 55 17
117 50 25
118 57 11
119 71 46
120 50 37
121 64 22
122 64 25
123 10 27
124 83 79
125 2 31
126 94 74
127 50 53
128 63 0
129 65 49
130 70 18
131 11 55
132 98 62
133 0 34
134 5 64
135 36 19
136 99 31
137 98 32
138 7 51
139 33 47
140 92 50
141 91 76
142 94 98
143 33 80
144 37 62
145 70 36
146 20 13
147 60 92
148 70 0
149 9 42
150 30 68
151 18 36
152 46 50
153 8 69
154 4 26
155 83 59
156 6 53
157 40 71
158 29 51
159 10 75
160 48 95
161 20 0
162 78 54
163 62 3
164 12 41
165 80 68
166 3 25
167 31 75
168 82 47
169 55 76
170 40 15
171 94 84
172 94 12
173 95 16
174 27 81
175 64 23
176 62 23
177 67 23
178 34 99
179 67 69
180 16 32
181 92 93
182 19 28
183 47 18
184 77 68
185 7 71
186 29 56
187 71 100
188 73 77
189 17 28
190 100 28
191 99 15
192 36 46
193 79 96
194 50 80
195 28 62
196 4 65
197 8 71
198 55 7
199 41 0
200 89 19
